666.3148

643.5281

604.4406

558.4878

503.95178

435.56567

363.10205

285.14145

217.77487

161.476

123.914154

111.39574

123.76875

160.51309

211.42644

261.89166

305.88977

328.80698

332.89334

319.53265

293.03278

256.248

217.06154

174.2205

137.20702

106.786606

84.609795

71.54384

65.29411

65.5404

69.25217

74.94024

82.150505

87.12648

92.603165

96.58685

97.775734

98.13402

96.54722

96.20659

93.12348

92.21579

90.40109

88.6804

88.93814

88.32219

88.33247

87.905304

87.723434

87.59451

88.11578

88.22854

86.83446

87.418655

85.28864

84.446686

83.10862

82.16714

81.09001

79.22647

79.12541

78.179184

77.780685

77.02682

76.943474

77.442184

77.1927

76.98155

77.31937

76.67399

78.17673

77.83393

78.21222

78.789925

79.810646

80.34751

81.03226

81.93939

82.282814

82.260124

83.00024

83.82544

83.50449

84.92914

85.26699

85.74114

86.47675

86.95358

87.52652

88.449

89.20853

90.117455

91.13887

92.16437

92.89355

93.59049

93.93973

94.258896

95.00525

94.701515

95.379524

95.10973

94.93462

95.369156

95.60492

95.30008

95.271545

95.91076

96.21865

96.00072

96.96573

97.528564

97.82113

98.25238

98.291626

97.89142

98.609695

99.15112

99.43969

99.74875

99.14289

99.01335

99.21286

100.313225

100.47052

100.71768

101.739296

100.862526

101.221146

101.91591

102.55358

103.35751

102.85876

103.42525

104.22058

104.09105

104.82936

103.789246

104.67534

104.59648

104.88583

105.07882

106.13456

106.6949

106.34165

106.135284

106.58838

107.47723

108.868515

109.02145

111.82251

113.75403

117.216286

118.76141

121.51202

122.193085

121.970276

120.94123

120.148315

117.97455

116.77647

116.61939

114.38756

113.38365

112.48289

111.45225

111.142494

110.12953

110.85189

108.80582

108.80908

109.11904

109.362076

108.67114

108.32672

109.07276

109.19424

109.646805

110.06305

109.87226

110.162506

109.57997

109.87657

109.69917

109.046616

108.887405

108.229126

108.134285

107.270065

106.79049

107.13848

106.77488

105.317

105.78137

104.90256

104.71084

104.05945

103.30651

103.33334

103.01121

102.40837

102.293144

102.36142

101.76836

100.73512

98.967094

97.95017

98.31865

97.10398

96.439964

95.2223

94.23134

93.75517

92.5514

91.1548

90.61476

91.11554

90.34991

89.46471

89.9742

88.854675

90.34097

